[28.03377743 27.21189651 26.97548858 27.2513931  27.18863434 27.07817556
 26.69607343 26.86031776 26.61376606 26.70732374 26.73628486 26.86477196
 26.51581474 26.47666043 26.40025923 26.63160892 26.67173925 26.81995042
 26.7185246  26.87959914 26.61891568 26.94596002 27.1776763  27.23846697
 27.27963609 27.4677697  27.52267902 27.37493309 27.57274045 27.78648882
 29.78489263 31.71696004 27.56812128 27.44301905 27.1845636  27.26952796
 26.71789491 26.94203346 26.66728528 26.75291594 26.58011936 26.77516093
 26.45958543 26.68163329 26.5331913  26.46024966 26.49914338 26.68318277
 26.5229712  26.37778137 26.72034999 26.71604599 26.93554312 26.90766141
 27.09796562 27.14385872 27.05824454 27.34094326 27.34436863 27.34115738
 27.41609521 27.91815357 29.00326396 29.79843756 26.93271984 27.21846292
 26.71044662 27.17224344 26.9483926  26.8385475  26.6483915  27.0112421
 26.54332104 26.45593635 26.33232623 26.55253585 26.42463276 26.29700529
 26.35010245 26.35311801 26.3483367  26.40216864 26.60152133 26.66276094
 27.00557815 26.67982255 26.8600282  26.91581158 26.57437929 26.93166681
 27.15247255 27.23583337 27.01947325 27.14527682 27.83842181 28.79922201
 26.82621842 26.83197292 26.86670145 26.93547512 26.61136023 26.50029423
 26.6974786  26.68163329 26.55899455 26.54750347 26.2707361  26.40122348
 26.05289677 26.19033673 26.02319849 26.20414887 26.2726672  26.46140757
 26.60770012 26.60497755 26.52337726 26.71428044 26.89689242 26.93080108
 26.79871673 26.77472708 26.741964   27.06248053 27.2275031  27.0056697
 27.49353303 28.48024881 26.73728344 26.90097028 26.18447618 26.61691212
 26.49152809 26.51934119 26.17955393 26.43175578 26.34657091 26.34546333
 26.14837536 26.27408395 25.89610915 26.12356245 25.84692583 26.13291508
 25.9738917  26.13598145 26.14669252 26.48702942 26.48980148 26.64886207
 26.27038736 26.66598199 26.49821137 26.63005893 26.59115413 26.82594352
 26.84888149 27.16775403 27.4204521  27.94473033 26.76628262 26.70524677
 26.50755389 26.56211063 26.43243542 26.39742399 26.3629336  26.22020727
 26.0508992  26.31261071 26.01192705 26.11452205 26.08906872 25.89507905
 26.00804373 25.89507905 25.93942027 26.00009005 26.23572851 26.43579129
 26.36159133 26.35979072 26.31847172 26.68776715 26.54419743 26.49235563
 26.74037499 26.81730756 26.83514907 26.4999181  27.05255968 27.44357167
 26.55156722 26.81401987 26.43802254 26.67992682 26.32588054 26.33357555
 26.21380689 26.22532646 26.08743455 25.945999   26.02485717 26.08124894
 25.94765771 25.99516664 25.96781934 25.87140332 25.89331914 25.89709652
 26.15407947 26.36216137 26.50190359 26.31942805 26.32552608 26.43183266
 26.49123956 26.28331454 26.55856526 26.74558117 26.86903827 26.48246553
 26.91635214 27.46672762 26.22103632 26.38600019 26.32731528 26.40864919
 26.15842966 26.08955215 25.91561052 26.13645614 25.76547337 25.97361946
 25.89393844 25.93735281 25.83594674 25.86988214 25.72127678 25.90103331
 25.92464333 25.91968701 26.17898817 26.18821795 26.26586925 26.09707644
 26.26392428 26.35368006 26.32801253 26.49848714 26.67044038 26.83973904
 26.57237656 26.87745239 27.23611607 27.44764735 26.13794703 26.13655336
 26.14722224 26.2118193  26.18910717 25.94035416 25.86314194 25.97827748
 25.48878046 25.39090301 25.42451458 25.47094076 25.36098331 25.46063787
 25.45200004 25.28321828 25.50586436 25.46259788 25.81103719 26.05804073
 25.90190933 26.10630354 26.14125117 26.41326597 26.42322909 26.27547686
 26.47043747 26.64613403 26.89059061 26.77722423 27.15475736 27.28555225
 26.24855952 26.06697086 25.8958058  25.98551879 25.95545833 25.8160361
 25.89772657 25.70233286 25.41326784 25.26235446 25.36468696 25.37385232
 25.26691196 25.24890317 25.31409241 25.1974817  25.4781949  25.62852499
 25.78583751 25.8674454  25.71857346 26.10249117 26.32906831 26.29405424
 26.29582655 26.23859088 26.58028477 26.83311743 26.67518515 26.93960874
 27.09534631 27.36213416 26.444295   25.8865424  25.78566731 25.81057509
 25.68549965 25.91045634 25.7138289  25.86119458 25.39782242 25.26340928
 25.38611359 25.33593672 25.32203482 25.28149634 25.22673324 25.38185777
 25.31656616 25.5052767  25.51159623 25.63611629 25.7378886  25.82727007
 26.10810754 26.18910407 26.22205571 26.33529552 26.48247764 26.70736282
 26.52290368 26.45858364 26.97985188 27.19029492 26.27023338 26.214469
 25.92925761 25.85426776 25.64318459 25.6571189  25.76228966 25.80276101
 25.38913464 25.36487657 25.30407863 25.3084538  25.29040814 25.2994316
 25.22720915 25.19444932 25.30966109 25.30202668 25.75271165 25.51474337
 25.6318541  25.86534912 25.96221973 26.21555299 26.17414415 26.56535728
 26.32551797 26.499976   27.01860506 26.62303188 26.88686732 26.85525451
 26.35055837 26.09104695 25.87309879 25.65158523 25.6940981  25.50798876
 25.62118109 25.95536969 25.40730362 25.28794847 25.32477255 25.25414634
 25.42635847 25.25295019 25.27746896 25.27411864 25.37258992 25.39686658
 25.66656089 25.64919596 25.48084873 25.80259175 26.34016219 26.32637693
 26.17963722 26.44114868 26.65938358 26.61483704 26.95799539 26.50230315
 26.8603607  27.22749672 26.12630819 25.99861527 26.15645023 25.89335815
 25.62276433 25.73235975 25.75471172 25.66049251 25.33974186 25.19814139
 25.35842775 25.41279347 25.29313863 25.40422929 25.28548011 25.19266478
 25.22991876 25.25009117 25.65918827 25.51978129 25.58523688 25.7035741
 26.18527774 26.49062767 26.43544155 26.32983927 26.58720838 26.59064114
 26.32597301 26.76759737 26.77184042 27.07073636 26.46378695 26.13875064
 25.96621238 26.1003826  25.84716356 25.81738804 25.80074121 25.80475457
 25.44804812 25.30009472 25.39571793 25.57072266 25.24449409 25.5052767
 25.42583631 25.39131604 25.03466631 25.26815271 25.61538075 25.5925049
 25.66900925 25.72889679 26.00840933 26.34400986 26.35576858 26.5482021
 26.47442647 26.52745903 26.66173381 26.85160782 26.91160848 27.07134264
 26.20490363 26.12200858 26.08532656 26.20374041 25.85068079 25.55665937
 25.78532605 25.97121357 25.42064381 25.24365998 25.49180301 25.52627796
 25.44995984 25.63503603 25.40987395 25.36720288 25.10789859 25.45144834
 25.59965353 25.60672915 25.57524552 25.78176245 26.26183062 26.19921087
 26.08685806 26.26964845 26.5918698  26.47177224 26.38845237 26.6679683
 26.90968481 27.09030748 26.13818119 26.2931027  26.10105167 26.23236988
 25.95913264 25.84375071 25.80733606 25.94049407 25.59330045 25.20231115
 25.42004989 25.56542796 25.78411616 25.72147771 25.42014556 25.35093233
 25.15799709 25.48977445 25.43922088 25.5976482  25.64676398 25.72115559
 26.14359957 26.36359775 26.25675097 26.3510435  26.39274485 26.62354696
 26.78059437 26.90074239 27.02567345 27.0950067  26.47578678 26.37818713
 26.35337792 26.31129668 25.71182318 25.88708033 26.15242023 26.1708656
 25.34864714 25.57103142 25.60018959 25.73451309 25.97076351 26.12114774
 25.51999603 25.67815857 25.24943602 25.55092707 25.64123562 25.52448651
 25.59600395 25.72534919 26.20968313 26.05514935 26.48240114 26.4902319
 26.88279587 26.73356733 26.60612988 26.6785731  26.71232102 27.40130965
 26.73894086 26.74311559 26.61808877 26.97483845 26.98277465 27.00230411
 27.35034443 27.14934432 25.99888506 25.70417568 26.49876706 27.17336019
 28.98069039 28.82144248 26.45697619 25.89006614 25.39347222 25.50837268
 25.64076804 25.84086132 25.55457462 25.74516887 26.36347845 26.43159555
 26.74359243 26.57604991 26.90526491 26.79496612 26.98662695 27.04259998
 27.15745314 27.63218098 26.52734567 26.63399148 26.85301217 27.14321081
 27.75490622 27.72930873 27.84061844 27.81297837 26.32562135 25.90828308
 27.05754016 28.42864685 30.26170532 29.8286398  27.43983813 26.01858393
 25.48973631 25.57845421 25.64568093 25.80991523 25.49067845 25.8262761
 26.28047774 26.2989615  26.48434116 26.84943636 26.84302284 26.85256202
 26.37420064 26.9329166  27.30542084 27.82392968 27.00965308 26.92617179
 27.33584177 27.90677094 29.34428903 29.57419201 29.75867599 29.30902308
 26.90942135 25.92395035 28.10342016 30.10096564 31.86580629 31.33765124
 28.4902619  27.38740591 25.56986207 25.66145893 26.18375134 26.31449935
 26.07426869 26.38706654 26.58750544 27.00729043 26.82613863 26.74015537
 26.93808027 27.2331015  27.27046258 27.0857825  27.91321658 28.29053314
 27.00190908 27.04942014 27.61089267 28.14937139 30.11319682 30.13172968
 28.95111802 28.24678382 26.24900313 26.4251826  28.42663476 30.38696292
 31.92659486 31.53679805 29.53495863 28.19749339 25.46284694 25.78960932
 26.28547856 26.58448683 26.32340267 26.35889809 26.61858585 26.6462303
 26.52116132 26.75067355 26.87587256 27.03987725 27.1299374  27.33685622
 28.09545244 29.5468108  27.22480119 27.43124966 27.42729334 27.7556574
 28.11361864 28.24035288 27.80534823 27.49672736 27.21004907 26.97418436
 28.62706256 30.31236633 31.36302215 31.50411563 30.63972738 29.95730605
 26.69381395 25.93737469 26.61839746 26.93729138 26.87713116 26.90518288
 26.91129079 27.02465936 26.85791852 27.04257835 27.15892461 27.30022076
 27.23367618 27.55607601 29.79777781 30.18820361 27.29626317 27.41551869
 27.74085221 27.90554104 27.51256635 28.23920147 27.73506295 27.83900543
 27.42113324 27.4754367  29.12416556 30.34300256 31.02352567 31.24419606
 30.6785575  30.39649464 27.50069356 26.37012234 26.53241565 26.81899786
 26.83675827 26.8324114  26.8477724  27.09066537 26.80369975 27.06262753
 27.44742215 27.05662411 27.31365648 28.01418163 29.98996678 30.20623763]